360 0.000e+00 
362 0.000e+00 
364 0.000e+00 
366 0.000e+00 
368 0.000e+00 
370 0.000e+00 
372 0.000e+00 
374 0.000e+00 
376 0.000e+00 
378 0.000e+00 
380 2.441e-06 
382 2.341e-06 
384 2.423e-06 
386 2.459e-06 
388 3.326e-06 
390 3.136e-06 
392 3.900e-06 
394 3.438e-06 
396 3.935e-06 
398 4.315e-06 
400 4.832e-06 
402 5.249e-06 
404 5.645e-06 
406 6.100e-06 
408 6.914e-06 
410 7.706e-06 
412 9.018e-06 
414 1.006e-05 
416 1.203e-05 
418 1.423e-05 
420 1.786e-05 
422 2.120e-05 
424 2.627e-05 
426 3.230e-05 
428 3.954e-05 
430 4.948e-05 
432 5.991e-05 
434 7.402e-05 
436 8.853e-05 
438 1.066e-04 
440 1.277e-04 
442 1.530e-04 
444 1.819e-04 
446 2.128e-04 
448 2.493e-04 
450 2.835e-04 
452 3.151e-04 
454 3.392e-04 
456 3.494e-04 
458 3.476e-04 
460 3.326e-04 
462 3.128e-04 
464 2.924e-04 
466 2.708e-04 
468 2.526e-04 
470 2.369e-04 
472 2.217e-04 
474 2.078e-04 
476 1.929e-04 
478 1.788e-04 
480 1.665e-04 
482 1.556e-04 
484 1.462e-04 
486 1.384e-04 
488 1.332e-04 
490 1.295e-04 
492 1.279e-04 
494 1.264e-04 
496 1.271e-04 
498 1.287e-04 
500 1.320e-04 
502 1.365e-04 
504 1.418e-04 
506 1.481e-04 
508 1.541e-04 
510 1.606e-04 
512 1.684e-04 
514 1.764e-04 
516 1.828e-04 
518 1.893e-04 
520 1.962e-04 
522 2.034e-04 
524 2.098e-04 
526 2.167e-04 
528 2.236e-04 
530 2.286e-04 
532 2.343e-04 
534 2.403e-04 
536 2.453e-04 
538 2.509e-04 
540 2.567e-04 
542 2.604e-04 
544 2.658e-04 
546 2.700e-04 
548 2.745e-04 
550 2.793e-04 
552 2.828e-04 
554 2.860e-04 
556 2.891e-04 
558 2.934e-04 
560 2.963e-04 
562 2.986e-04 
564 3.027e-04 
566 3.058e-04 
568 3.076e-04 
570 3.105e-04 
572 3.124e-04 
574 3.169e-04 
576 3.171e-04 
578 3.204e-04 
580 3.220e-04 
582 3.237e-04 
584 3.262e-04 
586 3.259e-04 
588 3.274e-04 
590 3.271e-04 
592 3.270e-04 
594 3.269e-04 
596 3.268e-04 
598 3.256e-04 
600 3.261e-04 
602 3.229e-04 
604 3.218e-04 
606 3.195e-04 
608 3.166e-04 
610 3.125e-04 
612 3.097e-04 
614 3.069e-04 
616 3.019e-04 
618 2.976e-04 
620 2.937e-04 
622 2.876e-04 
624 2.822e-04 
626 2.769e-04 
628 2.712e-04 
630 2.648e-04 
632 2.585e-04 
634 2.531e-04 
636 2.466e-04 
638 2.396e-04 
640 2.331e-04 
642 2.275e-04 
644 2.202e-04 
646 2.137e-04 
648 2.071e-04 
650 2.001e-04 
652 1.934e-04 
654 1.870e-04 
656 1.808e-04 
658 1.739e-04 
660 1.678e-04 
662 1.624e-04 
664 1.557e-04 
666 1.502e-04 
668 1.456e-04 
670 1.387e-04 
672 1.334e-04 
674 1.290e-04 
676 1.229e-04 
678 1.186e-04 
680 1.140e-04 
682 1.093e-04 
684 1.045e-04 
686 1.002e-04 
688 9.613e-05 
690 9.148e-05 
692 8.710e-05 
694 8.292e-05 
696 7.912e-05 
698 7.709e-05 
700 7.278e-05 
702 6.936e-05 
704 6.724e-05 
706 6.400e-05 
708 6.074e-05 
710 5.733e-05 
712 5.596e-05 
714 5.256e-05 
716 4.939e-05 
718 4.766e-05 
720 4.487e-05 
722 4.250e-05 
724 4.056e-05 
726 3.885e-05 
728 3.703e-05 
730 3.500e-05 
732 3.333e-05 
734 3.163e-05 
736 3.048e-05 
738 2.905e-05 
740 2.806e-05 
742 2.565e-05 
744 2.557e-05 
746 2.390e-05 
748 2.281e-05 
750 2.169e-05 
752 2.096e-05 
754 2.052e-05 
756 1.885e-05 
758 1.824e-05 
760 1.726e-05 
762 1.597e-05 
764 1.493e-05 
766 1.442e-05 
768 1.422e-05 
770 1.418e-05 
772 1.293e-05 
774 1.244e-05 
776 1.135e-05 
778 1.102e-05 
780 0.000e+00 
782 0.000e+00 
784 0.000e+00 
786 0.000e+00 
788 0.000e+00 
790 0.000e+00 
792 0.000e+00 
794 0.000e+00 
796 0.000e+00 
798 0.000e+00 
800 0.000e+00 
802 0.000e+00 
804 0.000e+00 
806 0.000e+00 
808 0.000e+00 
810 0.000e+00 
812 0.000e+00 
814 0.000e+00 
816 0.000e+00 
818 0.000e+00 
820 0.000e+00 
822 0.000e+00 
824 0.000e+00 
826 0.000e+00 
828 0.000e+00 
830 0.000e+00 
