360	0.0001299000	0.000003917000	0.0006061000	0.17556	0.00529	0.81915
361	0.0001458470	0.000004393581	0.0006808792	0.17548	0.00529	0.81923
362	0.0001638021	0.000004929604	0.0007651456	0.17540	0.00528	0.81932
363	0.0001840037	0.000005532136	0.0008600124	0.17532	0.00527	0.81941
364	0.0002066902	0.000006208245	0.0009665928	0.17524	0.00526	0.81950
365	0.0002321000	0.000006965000	0.001086000	0.17516	0.00526	0.81958
366	0.0002607280	0.000007813219	0.001220586	0.17509	0.00525	0.81966
367	0.0002930750	0.000008767336	0.001372729	0.17501	0.00524	0.81975
368	0.0003293880	0.000009839844	0.001543579	0.17494	0.00523	0.81983
369	0.0003699140	0.00001104323	0.001734286	0.17488	0.00522	0.81990
370	0.0004149000	0.00001239000	0.001946000	0.17482	0.00522	0.81996
371	0.0004641587	0.00001388641	0.002177777	0.17477	0.00523	0.82000
372	0.0005189860	0.00001555728	0.002435809	0.17472	0.00524	0.82004
373	0.0005818540	0.00001744296	0.002731953	0.17466	0.00524	0.82010
374	0.0006552347	0.00001958375	0.003078064	0.17459	0.00522	0.82019
375	0.0007416000	0.00002202000	0.003486000	0.17451	0.00518	0.82031
376	0.0008450296	0.00002483965	0.003975227	0.17441	0.00513	0.82046
377	0.0009645268	0.00002804126	0.004540880	0.17431	0.00507	0.82062
378	0.001094949	0.00003153104	0.005158320	0.17422	0.00502	0.82076
379	0.001231154	0.00003521521	0.005802907	0.17416	0.00498	0.82086
380	0.001368000	0.00003900000	0.006450001	0.17411	0.00496	0.82093
381	0.001502050	0.00004282640	0.007083216	0.17409	0.00496	0.82095
382	0.001642328	0.00004691460	0.007745488	0.17407	0.00497	0.82096
383	0.001802382	0.00005158960	0.008501152	0.17406	0.00498	0.82096
384	0.001995757	0.00005717640	0.009414544	0.17404	0.00498	0.82098
385	0.002236000	0.00006400000	0.01054999	0.17401	0.00498	0.82101
386	0.002535385	0.00007234421	0.01196580	0.17397	0.00497	0.82106
387	0.002892603	0.00008221224	0.01365587	0.17393	0.00494	0.82113
388	0.003300829	0.00009350816	0.01558805	0.17389	0.00493	0.82118
389	0.003753236	0.0001061361	0.01773015	0.17384	0.00492	0.82124
390	0.004243000	0.0001200000	0.02005001	0.17380	0.00492	0.82128
391	0.004762389	0.0001349840	0.02251136	0.17376	0.00492	0.82132
392	0.005330048	0.0001514920	0.02520288	0.17370	0.00494	0.82136
393	0.005978712	0.0001702080	0.02827972	0.17366	0.00494	0.82140
394	0.006741117	0.0001918160	0.03189704	0.17361	0.00494	0.82145
395	0.007650000	0.0002170000	0.03621000	0.17356	0.00492	0.82152
396	0.008751373	0.0002469067	0.04143771	0.17351	0.00490	0.82159
397	0.01002888	0.0002812400	0.04750372	0.17347	0.00486	0.82167
398	0.01142170	0.0003185200	0.05411988	0.17342	0.00484	0.82174
399	0.01286901	0.0003572667	0.06099803	0.17338	0.00481	0.82181
400	0.01431000	0.0003960000	0.06785001	0.17334	0.00480	0.82186
401	0.01570443	0.0004337147	0.07448632	0.17329	0.00479	0.82192
402	0.01714744	0.0004730240	0.08136156	0.17324	0.00478	0.82198
403	0.01878122	0.0005178760	0.08915364	0.17317	0.00478	0.82205
404	0.02074801	0.0005722187	0.09854048	0.17310	0.00477	0.82213
405	0.02319000	0.0006400000	0.1102000	0.17302	0.00478	0.82220
406	0.02620736	0.0007245600	0.1246133	0.17293	0.00478	0.82229
407	0.02978248	0.0008255000	0.1417017	0.17284	0.00479	0.82237
408	0.03388092	0.0009411600	0.1613035	0.17275	0.00480	0.82245
409	0.03846824	0.001069880	0.1832568	0.17266	0.00480	0.82254
410	0.04351000	0.001210000	0.2074000	0.17258	0.00480	0.82262
411	0.04899560	0.001362091	0.2336921	0.17249	0.00480	0.82271
412	0.05502260	0.001530752	0.2626114	0.17239	0.00480	0.82281
413	0.06171880	0.001720368	0.2947746	0.17230	0.00480	0.82290
414	0.06921200	0.001935323	0.3307985	0.17219	0.00482	0.82299
415	0.07763000	0.002180000	0.3713000	0.17209	0.00483	0.82308
416	0.08695811	0.002454800	0.4162091	0.17198	0.00486	0.82316
417	0.09717672	0.002764000	0.4654642	0.17187	0.00489	0.82324
418	0.1084063	0.003117800	0.5196948	0.17174	0.00494	0.82332
419	0.1207672	0.003526400	0.5795303	0.17159	0.00501	0.82340
420	0.1343800	0.004000000	0.6456000	0.17141	0.00510	0.82349
421	0.1493582	0.004546240	0.7184838	0.17121	0.00521	0.82358
422	0.1653957	0.005159320	0.7967133	0.17099	0.00533	0.82368
423	0.1819831	0.005829280	0.8778459	0.17077	0.00547	0.82376
424	0.1986110	0.006546160	0.9594390	0.17054	0.00562	0.82384
425	0.2147700	0.007300000	1.0390501	0.17030	0.00579	0.82391
426	0.2301868	0.008086507	1.1153673	0.17005	0.00597	0.82398
427	0.2448797	0.008908720	1.1884971	0.16978	0.00618	0.82404
428	0.2587773	0.009767680	1.2581233	0.16950	0.00640	0.82410
429	0.2718079	0.01066443	1.3239296	0.16920	0.00664	0.82416
430	0.2839000	0.01160000	1.3856000	0.16888	0.00690	0.82422
431	0.2949438	0.01257317	1.4426352	0.16853	0.00718	0.82429
432	0.3048965	0.01358272	1.4948035	0.16815	0.00749	0.82436
433	0.3137873	0.01462968	1.5421903	0.16775	0.00782	0.82443
434	0.3216454	0.01571509	1.5848807	0.16733	0.00817	0.82450
435	0.3285000	0.01684000	1.6229600	0.16690	0.00855	0.82455
436	0.3343513	0.01800736	1.6564048	0.16645	0.00896	0.82459
437	0.3392101	0.01921448	1.6852959	0.16598	0.00940	0.82462
438	0.3431213	0.02045392	1.7098745	0.16548	0.00987	0.82465
439	0.3461296	0.02171824	1.7303821	0.16496	0.01035	0.82469
440	0.3482800	0.02300000	1.7470600	0.16441	0.01086	0.82473
441	0.3495999	0.02429461	1.7600446	0.16383	0.01138	0.82479
442	0.3501474	0.02561024	1.7696233	0.16321	0.01194	0.82485
443	0.3500130	0.02695857	1.7762637	0.16255	0.01252	0.82493
444	0.3492870	0.02835125	1.7804334	0.16185	0.01314	0.82501
445	0.3480600	0.02980000	1.7826000	0.16111	0.01379	0.82510
446	0.3463733	0.03131083	1.7829682	0.16031	0.01449	0.82520
447	0.3442624	0.03288368	1.7816998	0.15947	0.01523	0.82530
448	0.3418088	0.03452112	1.7791982	0.15857	0.01602	0.82541
449	0.3390941	0.03622571	1.7758671	0.15763	0.01684	0.82553
450	0.3362000	0.03800000	1.7721100	0.15664	0.01771	0.82565
451	0.3331977	0.03984667	1.7682589	0.15560	0.01861	0.82579
452	0.3300411	0.04176800	1.7640390	0.15452	0.01956	0.82592
453	0.3266357	0.04376600	1.7589438	0.15340	0.02055	0.82605
454	0.3228868	0.04584267	1.7524663	0.15222	0.02161	0.82617
455	0.3187000	0.04800000	1.7441000	0.15099	0.02274	0.82627
456	0.3140251	0.05024368	1.7335595	0.14969	0.02395	0.82636
457	0.3088840	0.05257304	1.7208581	0.14834	0.02525	0.82641
458	0.3032904	0.05498056	1.7059369	0.14693	0.02663	0.82644
459	0.2972579	0.05745872	1.6887372	0.14547	0.02812	0.82641
460	0.2908000	0.06000000	1.6692000	0.14396	0.02970	0.82634
461	0.2839701	0.06260197	1.6475287	0.14241	0.03139	0.82620
462	0.2767214	0.06527752	1.6234127	0.14080	0.03321	0.82599
463	0.2689178	0.06804208	1.5960223	0.13912	0.03520	0.82568
464	0.2604227	0.07091109	1.5645280	0.13737	0.03740	0.82523
465	0.2511000	0.07390000	1.5281000	0.13550	0.03988	0.82462
466	0.2408475	0.07701600	1.4861114	0.13351	0.04269	0.82380
467	0.2298512	0.08026640	1.4395215	0.13137	0.04588	0.82275
468	0.2184072	0.08366680	1.3898799	0.12909	0.04945	0.82146
469	0.2068115	0.08723280	1.3387362	0.12666	0.05343	0.81991
470	0.1953600	0.09098000	1.2876400	0.12412	0.05780	0.81808
471	0.1842136	0.09491755	1.2374223	0.12147	0.06259	0.81594
472	0.1733273	0.09904584	1.1878243	0.11870	0.06783	0.81347
473	0.1626881	0.1033674	1.1387611	0.11581	0.07358	0.81061
474	0.1522833	0.1078846	1.0901480	0.11278	0.07989	0.80733
475	0.1421000	0.1126000	1.0419000	0.10960	0.08684	0.80356
476	0.1321786	0.1175320	0.9941976	0.10626	0.09449	0.79925
477	0.1225696	0.1226744	0.9473473	0.10278	0.10286	0.79436
478	0.1132752	0.1279928	0.9014531	0.09913	0.11201	0.78886
479	0.1042979	0.1334528	0.8566193	0.09531	0.12194	0.78275
480	0.09564000	0.1390200	0.8129501	0.09129	0.13270	0.77601
481	0.08729955	0.1446764	0.7705173	0.08708	0.14432	0.76860
482	0.07930804	0.1504693	0.7294448	0.08268	0.15687	0.76045
483	0.07171776	0.1564619	0.6899136	0.07812	0.17042	0.75146
484	0.06458099	0.1627177	0.6521049	0.07344	0.18503	0.74153
485	0.05795001	0.1693000	0.6162000	0.06871	0.20072	0.73057
486	0.05186211	0.1762431	0.5823286	0.06399	0.21747	0.71854
487	0.04628152	0.1835581	0.5504162	0.05932	0.23525	0.70543
488	0.04115088	0.1912735	0.5203376	0.05467	0.25409	0.69124
489	0.03641283	0.1994180	0.4919673	0.05003	0.27400	0.67597
490	0.03201000	0.2080200	0.4651800	0.04539	0.29498	0.65963
491	0.02791720	0.2171199	0.4399246	0.04076	0.31698	0.64226
492	0.02414440	0.2267345	0.4161836	0.03620	0.33990	0.62390
493	0.02068700	0.2368571	0.3938822	0.03176	0.36360	0.60464
494	0.01754040	0.2474812	0.3729459	0.02749	0.38792	0.58459
495	0.01470000	0.2586000	0.3533000	0.02346	0.41270	0.56384
496	0.01216179	0.2701849	0.3348578	0.01970	0.43776	0.54254
497	0.009919960	0.2822939	0.3175521	0.01627	0.46295	0.52078
498	0.007967240	0.2950505	0.3013375	0.01318	0.48821	0.49861
499	0.006296346	0.3085780	0.2861686	0.01048	0.51340	0.47612
500	0.004900000	0.3230000	0.2720000	0.00817	0.53842	0.45341
501	0.003777173	0.3384021	0.2588171	0.00628	0.56307	0.43065
502	0.002945320	0.3546858	0.2464838	0.00487	0.58712	0.40801
503	0.002424880	0.3716986	0.2347718	0.00398	0.61045	0.38557
504	0.002236293	0.3892875	0.2234533	0.00364	0.63301	0.36335
505	0.002400000	0.4073000	0.2123000	0.00386	0.65482	0.34132
506	0.002925520	0.4256299	0.2011692	0.00464	0.67590	0.31946
507	0.003836560	0.4443096	0.1901196	0.00601	0.69612	0.29787
508	0.005174840	0.4633944	0.1792254	0.00799	0.71534	0.27667
509	0.006982080	0.4829395	0.1685608	0.01060	0.73341	0.25599
510	0.009300000	0.5030000	0.1582000	0.01387	0.75019	0.23594
511	0.01214949	0.5235693	0.1481383	0.01777	0.76561	0.21662
512	0.01553588	0.5445120	0.1383758	0.02224	0.77963	0.19813
513	0.01947752	0.5656900	0.1289942	0.02727	0.79211	0.18062
514	0.02399277	0.5869653	0.1200751	0.03282	0.80293	0.16425
515	0.02910000	0.6082000	0.1117000	0.03885	0.81202	0.14913
516	0.03481485	0.6293456	0.1039048	0.04533	0.81939	0.13528
517	0.04112016	0.6503068	0.09666748	0.05218	0.82516	0.12266
518	0.04798504	0.6708752	0.08998272	0.05932	0.82943	0.11125
519	0.05537861	0.6908424	0.08384531	0.06672	0.83227	0.10101
520	0.06327000	0.7100000	0.07824999	0.07430	0.83380	0.09190
521	0.07163501	0.7281852	0.07320899	0.08205	0.83409	0.08386
522	0.08046224	0.7454636	0.06867816	0.08994	0.83329	0.07677
523	0.08973996	0.7619694	0.06456784	0.09794	0.83159	0.07047
524	0.09945645	0.7778368	0.06078835	0.10602	0.82918	0.06480
525	0.1096000	0.7932000	0.05725001	0.11416	0.82621	0.05963
526	0.1201674	0.8081104	0.05390435	0.12235	0.82277	0.05488
527	0.1311145	0.8224962	0.05074664	0.13055	0.81893	0.05052
528	0.1423679	0.8363068	0.04775276	0.13870	0.81478	0.04652
529	0.1538542	0.8494916	0.04489859	0.14677	0.81040	0.04283
530	0.1655000	0.8620000	0.04216000	0.15472	0.80586	0.03942
531	0.1772571	0.8738108	0.03950728	0.16253	0.80124	0.03623
532	0.1891400	0.8849624	0.03693564	0.17024	0.79652	0.03324
533	0.2011694	0.8954936	0.03445836	0.17785	0.79169	0.03046
534	0.2133658	0.9054432	0.03208872	0.18539	0.78673	0.02788
535	0.2257499	0.9148501	0.02984000	0.19288	0.78163	0.02549
536	0.2383209	0.9237348	0.02771181	0.20031	0.77640	0.02329
537	0.2510668	0.9320924	0.02569444	0.20769	0.77105	0.02126
538	0.2639922	0.9399226	0.02378716	0.21503	0.76559	0.01938
539	0.2771017	0.9472252	0.02198925	0.22234	0.76002	0.01764
540	0.2904000	0.9540000	0.02030000	0.22962	0.75433	0.01605
541	0.3038912	0.9602561	0.01871805	0.23689	0.74852	0.01459
542	0.3175726	0.9660074	0.01724036	0.24413	0.74262	0.01325
543	0.3314384	0.9712606	0.01586364	0.25136	0.73661	0.01203
544	0.3454828	0.9760225	0.01458461	0.25858	0.73051	0.01091
545	0.3597000	0.9803000	0.01340000	0.26578	0.72432	0.00990
546	0.3740839	0.9840924	0.01230723	0.27296	0.71806	0.00898
547	0.3886396	0.9874182	0.01130188	0.28013	0.71172	0.00815
548	0.4033784	0.9903128	0.01037792	0.28729	0.70532	0.00739
549	0.4183115	0.9928116	0.009529306	0.29445	0.69884	0.00671
550	0.4334499	0.9949501	0.008749999	0.30160	0.69231	0.00609
551	0.4487953	0.9967108	0.008035200	0.30876	0.68571	0.00553
552	0.4643360	0.9980983	0.007381600	0.31592	0.67906	0.00502
553	0.4800640	0.9991120	0.006785400	0.32306	0.67237	0.00457
554	0.4959713	0.9997482	0.006242800	0.33021	0.66563	0.00416
555	0.5120501	1.0000000	0.005749999	0.33736	0.65885	0.00379
556	0.5282959	0.9998567	0.005303600	0.34451	0.65203	0.00346
557	0.5446916	0.9993046	0.004899800	0.35167	0.64517	0.00316
558	0.5612094	0.9983255	0.004534200	0.35881	0.63829	0.00290
559	0.5778215	0.9968987	0.004202400	0.36596	0.63138	0.00266
560	0.5945000	0.9950000	0.003900000	0.37310	0.62445	0.00245
561	0.6112209	0.9926005	0.003623200	0.38024	0.61750	0.00226
562	0.6279758	0.9897426	0.003370600	0.38738	0.61054	0.00208
563	0.6447602	0.9864444	0.003141400	0.39451	0.60357	0.00192
564	0.6615697	0.9827241	0.002934800	0.40163	0.59659	0.00178
565	0.6784000	0.9786000	0.002749999	0.40873	0.58961	0.00166
566	0.6952392	0.9740837	0.002585200	0.41583	0.58262	0.00155
567	0.7120586	0.9691712	0.002438600	0.42292	0.57563	0.00145
568	0.7288284	0.9638568	0.002309400	0.42999	0.56865	0.00136
569	0.7455188	0.9581349	0.002196800	0.43704	0.56167	0.00129
570	0.7621000	0.9520000	0.002100000	0.44406	0.55472	0.00122
571	0.7785432	0.9454504	0.002017733	0.45106	0.54777	0.00117
572	0.7948256	0.9384992	0.001948200	0.45804	0.54084	0.00112
573	0.8109264	0.9311628	0.001889800	0.46499	0.53393	0.00108
574	0.8268248	0.9234576	0.001840933	0.47190	0.52705	0.00105
575	0.8425000	0.9154000	0.001800000	0.47878	0.52020	0.00102
576	0.8579325	0.9070064	0.001766267	0.48561	0.51339	0.00100
577	0.8730816	0.8982772	0.001737800	0.49241	0.50661	0.00098
578	0.8878944	0.8892048	0.001711200	0.49915	0.49989	0.00096
579	0.9023181	0.8797816	0.001683067	0.50585	0.49321	0.00094
580	0.9163000	0.8700000	0.001650001	0.51249	0.48659	0.00092
581	0.9297995	0.8598613	0.001610133	0.51907	0.48003	0.00090
582	0.9427984	0.8493920	0.001564400	0.52560	0.47353	0.00087
583	0.9552776	0.8386220	0.001513600	0.53207	0.46709	0.00084
584	0.9672179	0.8275813	0.001458533	0.53846	0.46073	0.00081
585	0.9786000	0.8163000	0.001400000	0.54479	0.45443	0.00078
586	0.9893856	0.8047947	0.001336667	0.55103	0.44823	0.00074
587	0.9995488	0.7930820	0.001270000	0.55719	0.44210	0.00071
588	1.0090892	0.7811920	0.001205000	0.56327	0.43606	0.00067
589	1.0180064	0.7691547	0.001146667	0.56926	0.43010	0.00064
590	1.0263000	0.7570000	0.001100000	0.57515	0.42423	0.00062
591	1.0339827	0.7447541	0.001068800	0.58094	0.41846	0.00060
592	1.0409860	0.7324224	0.001049400	0.58665	0.41276	0.00059
593	1.0471880	0.7200036	0.001035600	0.59222	0.40719	0.00059
594	1.0524667	0.7074965	0.001021200	0.59766	0.40176	0.00058
595	1.0567000	0.6949000	0.001000000	0.60293	0.39650	0.00057
596	1.0597944	0.6822192	0.0009686400	0.60803	0.39141	0.00056
597	1.0617992	0.6694716	0.0009299200	0.61298	0.38648	0.00054
598	1.0628068	0.6566744	0.0008868800	0.61778	0.38171	0.00051
599	1.0629096	0.6438448	0.0008425600	0.62246	0.37705	0.00049
600	1.0622000	0.6310000	0.0008000000	0.62704	0.37249	0.00047
601	1.0607352	0.6181555	0.0007609600	0.63152	0.36803	0.00045
602	1.0584436	0.6053144	0.0007236800	0.63590	0.36367	0.00043
603	1.0552244	0.5924756	0.0006859200	0.64016	0.35943	0.00041
604	1.0509768	0.5796379	0.0006454400	0.64427	0.35533	0.00040
605	1.0456000	0.5668000	0.0006000000	0.64823	0.35140	0.00037
606	1.0390369	0.5539611	0.0005478667	0.65203	0.34763	0.00034
607	1.0313608	0.5411372	0.0004916000	0.65567	0.34402	0.00031
608	1.0226662	0.5283528	0.0004354000	0.65917	0.34055	0.00028
609	1.0130477	0.5156323	0.0003834667	0.66253	0.33722	0.00025
610	1.0026000	0.5030000	0.0003400000	0.66576	0.33401	0.00023
611	0.9913675	0.4904688	0.0003072533	0.66887	0.33092	0.00021
612	0.9793314	0.4780304	0.0002831600	0.67186	0.32795	0.00019
613	0.9664916	0.4656776	0.0002654400	0.67472	0.32509	0.00019
614	0.9528479	0.4534032	0.0002518133	0.67746	0.32236	0.00018
615	0.9384000	0.4412000	0.0002400000	0.68008	0.31975	0.00017
616	0.9231940	0.4290800	0.0002295467	0.68258	0.31725	0.00017
617	0.9072440	0.4170360	0.0002206400	0.68497	0.31486	0.00017
618	0.8905020	0.4050320	0.0002119600	0.68725	0.31259	0.00016
619	0.8729200	0.3930320	0.0002021867	0.68943	0.31041	0.00016
620	0.8544499	0.3810000	0.0001900000	0.69151	0.30834	0.00015
621	0.8350840	0.3689184	0.0001742133	0.69349	0.30637	0.00014
622	0.8149460	0.3568272	0.0001556400	0.69539	0.30448	0.00013
623	0.7941860	0.3447768	0.0001359600	0.69721	0.30267	0.00012
624	0.7729540	0.3328176	0.0001168533	0.69894	0.30095	0.00011
625	0.7514000	0.3210000	0.0001000000	0.70061	0.29930	0.00009
626	0.7295836	0.3093381	0.00008613333	0.70219	0.29773	0.00008
627	0.7075888	0.2978504	0.00007460000	0.70371	0.29622	0.00007
628	0.6856022	0.2865936	0.00006500000	0.70516	0.29477	0.00007
629	0.6638104	0.2756245	0.00005693333	0.70656	0.29338	0.00006
630	0.6424000	0.2650000	0.00004999999	0.70792	0.29203	0.00005
631	0.6215149	0.2547632	0.00004416000	0.70923	0.29072	0.00005
632	0.6011138	0.2448896	0.00003948000	0.71050	0.28945	0.00005
633	0.5811052	0.2353344	0.00003572000	0.71173	0.28823	0.00004
634	0.5613977	0.2260528	0.00003264000	0.71290	0.28706	0.00004
635	0.5419000	0.2170000	0.00003000000	0.71403	0.28593	0.00004
636	0.5225995	0.2081616	0.00002765333	0.71512	0.28484	0.00004
637	0.5035464	0.1995488	0.00002556000	0.71616	0.28380	0.00004
638	0.4847436	0.1911552	0.00002364000	0.71716	0.28281	0.00003
639	0.4661939	0.1829744	0.00002181333	0.71812	0.28185	0.00003
640	0.4479000	0.1750000	0.00002000000	0.71903	0.28094	0.00003
641	0.4298613	0.1672235	0.00001813333	0.71991	0.28006	0.00003
642	0.4120980	0.1596464	0.00001620000	0.72075	0.27922	0.00003
643	0.3946440	0.1522776	0.00001420000	0.72155	0.27842	0.00003
644	0.3775333	0.1451259	0.00001213333	0.72232	0.27766	0.00002
645	0.3608000	0.1382000	0.00001000000	0.72303	0.27695	0.00002
646	0.3444563	0.1315003	0.000007733333	0.72370	0.27628	0.00002
647	0.3285168	0.1250248	0.000005400000	0.72433	0.27566	0.00001
648	0.3130192	0.1187792	0.000003200000	0.72491	0.27508	0.00001
649	0.2980011	0.1127691	0.000001333333	0.72547	0.27453	0.00000
650	0.2835000	0.1070000	0.000	0.72599	0.27401	0.000
651	0.2695448	0.1014762	0.000	0.72649	0.27351	0.000
652	0.2561184	0.09618864	0.000	0.72698	0.27302	0.000
653	0.2431896	0.09112296	0.000	0.72743	0.27257	0.000
654	0.2307272	0.08626485	0.000	0.72786	0.27214	0.000
655	0.2187000	0.08160000	0.000	0.72827	0.27173	0.000
656	0.2070971	0.07712064	0.000	0.72866	0.27134	0.000
657	0.1959232	0.07282552	0.000	0.72902	0.27098	0.000
658	0.1851708	0.06871008	0.000	0.72936	0.27064	0.000
659	0.1748323	0.06476976	0.000	0.72968	0.27032	0.000
660	0.1649000	0.06100000	0.000	0.72997	0.27003	0.000
661	0.1553667	0.05739621	0.000	0.73023	0.26977	0.000
662	0.1462300	0.05395504	0.000	0.73047	0.26953	0.000
663	0.1374900	0.05067376	0.000	0.73069	0.26931	0.000
664	0.1291467	0.04754965	0.000	0.73090	0.26910	0.000
665	0.1212000	0.04458000	0.000	0.73109	0.26891	0.000
666	0.1136397	0.04175872	0.000	0.73128	0.26872	0.000
667	0.1064650	0.03908496	0.000	0.73147	0.26853	0.000
668	0.09969044	0.03656384	0.000	0.73165	0.26835	0.000
669	0.09333061	0.03420048	0.000	0.73183	0.26817	0.000
670	0.08740000	0.03200000	0.000	0.73199	0.26801	0.000
671	0.08190096	0.02996261	0.000	0.73215	0.26785	0.000
672	0.07680428	0.02807664	0.000	0.73230	0.26770	0.000
673	0.07207712	0.02632936	0.000	0.73244	0.26756	0.000
674	0.06768664	0.02470805	0.000	0.73258	0.26742	0.000
675	0.06360000	0.02320000	0.000	0.73272	0.26728	0.000
676	0.05980685	0.02180077	0.000	0.73286	0.26714	0.000
677	0.05628216	0.02050112	0.000	0.73300	0.26700	0.000
678	0.05297104	0.01928108	0.000	0.73314	0.26686	0.000
679	0.04981861	0.01812069	0.000	0.73328	0.26672	0.000
680	0.04677000	0.01700000	0.000	0.73342	0.26658	0.000
681	0.04378405	0.01590379	0.000	0.73355	0.26645	0.000
682	0.04087536	0.01483718	0.000	0.73368	0.26632	0.000
683	0.03807264	0.01381068	0.000	0.73381	0.26619	0.000
684	0.03540461	0.01283478	0.000	0.73394	0.26606	0.000
685	0.03290000	0.01192000	0.000	0.73405	0.26595	0.000
686	0.03056419	0.01106831	0.000	0.73414	0.26586	0.000
687	0.02838056	0.01027339	0.000	0.73422	0.26578	0.000
688	0.02634484	0.009533311	0.000	0.73429	0.26571	0.000
689	0.02445275	0.008846157	0.000	0.73434	0.26566	0.000
690	0.02270000	0.008210000	0.000	0.73439	0.26561	0.000
691	0.02108429	0.007623781	0.000	0.73444	0.26556	0.000
692	0.01959988	0.007085424	0.000	0.73448	0.26552	0.000
693	0.01823732	0.006591476	0.000	0.73452	0.26548	0.000
694	0.01698717	0.006138485	0.000	0.73456	0.26544	0.000
695	0.01584000	0.005723000	0.000	0.73459	0.26541	0.000
696	0.01479064	0.005343059	0.000	0.73462	0.26538	0.000
697	0.01383132	0.004995796	0.000	0.73465	0.26535	0.000
698	0.01294868	0.004676404	0.000	0.73467	0.26533	0.000
699	0.01212920	0.004380075	0.000	0.73469	0.26531	0.000
700	0.01135916	0.004102000	0.000	0.73469	0.26531	0.000
701	0.01062935	0.003838453	0.000	0.73469	0.26531	0.000
702	0.009938846	0.003589099	0.000	0.73469	0.26531	0.000
703	0.009288422	0.003354219	0.000	0.73469	0.26531	0.000
704	0.008678854	0.003134093	0.000	0.73469	0.26531	0.000
705	0.008110916	0.002929000	0.000	0.73469	0.26531	0.000
706	0.007582388	0.002738139	0.000	0.73469	0.26531	0.000
707	0.007088746	0.002559876	0.000	0.73469	0.26531	0.000
708	0.006627313	0.002393244	0.000	0.73469	0.26531	0.000
709	0.006195408	0.002237275	0.000	0.73469	0.26531	0.000
710	0.005790346	0.002091000	0.000	0.73469	0.26531	0.000
711	0.005409826	0.001953587	0.000	0.73469	0.26531	0.000
712	0.005052583	0.001824580	0.000	0.73469	0.26531	0.000
713	0.004717512	0.001703580	0.000	0.73469	0.26531	0.000
714	0.004403507	0.001590187	0.000	0.73469	0.26531	0.000
715	0.004109457	0.001484000	0.000	0.73469	0.26531	0.000
716	0.003833913	0.001384496	0.000	0.73469	0.26531	0.000
717	0.003575748	0.001291268	0.000	0.73469	0.26531	0.000
718	0.003334342	0.001204092	0.000	0.73469	0.26531	0.000
719	0.003109075	0.001122744	0.000	0.73469	0.26531	0.000
720	0.002899327	0.001047000	0.000	0.73469	0.26531	0.000
721	0.002704348	0.0009765896	0.000	0.73469	0.26531	0.000
722	0.002523020	0.0009111088	0.000	0.73469	0.26531	0.000
723	0.002354168	0.0008501332	0.000	0.73469	0.26531	0.000
724	0.002196616	0.0007932384	0.000	0.73469	0.26531	0.000
725	0.002049190	0.0007400000	0.000	0.73469	0.26531	0.000
726	0.001910960	0.0006900827	0.000	0.73469	0.26531	0.000
727	0.001781438	0.0006433100	0.000	0.73469	0.26531	0.000
728	0.001660110	0.0005994960	0.000	0.73469	0.26531	0.000
729	0.001546459	0.0005584547	0.000	0.73469	0.26531	0.000
730	0.001439971	0.0005200000	0.000	0.73469	0.26531	0.000
731	0.001340042	0.0004839136	0.000	0.73469	0.26531	0.000
732	0.001246275	0.0004500528	0.000	0.73469	0.26531	0.000
733	0.001158471	0.0004183452	0.000	0.73469	0.26531	0.000
734	0.001076430	0.0003887184	0.000	0.73469	0.26531	0.000
735	0.0009999493	0.0003611000	0.000	0.73469	0.26531	0.000
736	0.0009287358	0.0003353835	0.000	0.73469	0.26531	0.000
737	0.0008624332	0.0003114404	0.000	0.73469	0.26531	0.000
738	0.0008007503	0.0002891656	0.000	0.73469	0.26531	0.000
739	0.0007433960	0.0002684539	0.000	0.73469	0.26531	0.000
740	0.0006900786	0.0002492000	0.000	0.73469	0.26531	0.000
741	0.0006405156	0.0002313019	0.000	0.73469	0.26531	0.000
742	0.0005945021	0.0002146856	0.000	0.73469	0.26531	0.000
743	0.0005518646	0.0001992884	0.000	0.73469	0.26531	0.000
744	0.0005124290	0.0001850475	0.000	0.73469	0.26531	0.000
745	0.0004760213	0.0001719000	0.000	0.73469	0.26531	0.000
746	0.0004424536	0.0001597781	0.000	0.73469	0.26531	0.000
747	0.0004115117	0.0001486044	0.000	0.73469	0.26531	0.000
748	0.0003829814	0.0001383016	0.000	0.73469	0.26531	0.000
749	0.0003566491	0.0001287925	0.000	0.73469	0.26531	0.000
750	0.0003323011	0.0001200000	0.000	0.73469	0.26531	0.000
751	0.0003097586	0.0001118595	0.000	0.73469	0.26531	0.000
752	0.0002888871	0.0001043224	0.000	0.73469	0.26531	0.000
753	0.0002695394	0.00009733560	0.000	0.73469	0.26531	0.000
754	0.0002515682	0.00009084587	0.000	0.73469	0.26531	0.000
755	0.0002348261	0.00008480000	0.000	0.73469	0.26531	0.000
756	0.0002191710	0.00007914667	0.000	0.73469	0.26531	0.000
757	0.0002045258	0.00007385800	0.000	0.73469	0.26531	0.000
758	0.0001908405	0.00006891600	0.000	0.73469	0.26531	0.000
759	0.0001780654	0.00006430267	0.000	0.73469	0.26531	0.000
760	0.0001661505	0.00006000000	0.000	0.73469	0.26531	0.000
761	0.0001550236	0.00005598187	0.000	0.73469	0.26531	0.000
762	0.0001446219	0.00005222560	0.000	0.73469	0.26531	0.000
763	0.0001349098	0.00004871840	0.000	0.73469	0.26531	0.000
764	0.0001258520	0.00004544747	0.000	0.73469	0.26531	0.000
765	0.0001174130	0.00004240000	0.000	0.73469	0.26531	0.000
766	0.0001095515	0.00003956104	0.000	0.73469	0.26531	0.000
767	0.0001022245	0.00003691512	0.000	0.73469	0.26531	0.000
768	0.00009539445	0.00003444868	0.000	0.73469	0.26531	0.000
769	0.00008902390	0.00003214816	0.000	0.73469	0.26531	0.000
770	0.00008307527	0.00003000000	0.000	0.73469	0.26531	0.000
771	0.00007751269	0.00002799125	0.000	0.73469	0.26531	0.000
772	0.00007231304	0.00002611356	0.000	0.73469	0.26531	0.000
773	0.00006745778	0.00002436024	0.000	0.73469	0.26531	0.000
774	0.00006292844	0.00002272461	0.000	0.73469	0.26531	0.000
775	0.00005870652	0.00002120000	0.000	0.73469	0.26531	0.000
776	0.00005477028	0.00001977855	0.000	0.73469	0.26531	0.000
777	0.00005109918	0.00001845285	0.000	0.73469	0.26531	0.000
778	0.00004767654	0.00001721687	0.000	0.73469	0.26531	0.000
779	0.00004448567	0.00001606459	0.000	0.73469	0.26531	0.000
780	0.00004150994	0.00001499000	0.000	0.73469	0.26531	0.000
781	0.00003873324	0.00001398728	0.000	0.73469	0.26531	0.000
782	0.00003614203	0.00001305155	0.000	0.73469	0.26531	0.000
783	0.00003372352	0.00001217818	0.000	0.73469	0.26531	0.000
784	0.00003146487	0.00001136254	0.000	0.73469	0.26531	0.000
785	0.00002935326	0.00001060000	0.000	0.73469	0.26531	0.000
786	0.00002737573	0.000009885877	0.000	0.73469	0.26531	0.000
787	0.00002552433	0.000009217304	0.000	0.73469	0.26531	0.000
788	0.00002379376	0.000008592362	0.000	0.73469	0.26531	0.000
789	0.00002217870	0.000008009133	0.000	0.73469	0.26531	0.000
790	0.00002067383	0.000007465700	0.000	0.73469	0.26531	0.000
791	0.00001927226	0.000006959567	0.000	0.73469	0.26531	0.000
792	0.00001796640	0.000006487995	0.000	0.73469	0.26531	0.000
793	0.00001674991	0.000006048699	0.000	0.73469	0.26531	0.000
794	0.00001561648	0.000005639396	0.000	0.73469	0.26531	0.000
795	0.00001455977	0.000005257800	0.000	0.73469	0.26531	0.000
796	0.00001357387	0.000004901771	0.000	0.73469	0.26531	0.000
797	0.00001265436	0.000004569720	0.000	0.73469	0.26531	0.000
798	0.00001179723	0.000004260194	0.000	0.73469	0.26531	0.000
799	0.00001099844	0.000003971739	0.000	0.73469	0.26531	0.000
800	0.00001025398	0.000003702900	0.000	0.73469	0.26531	0.000
801	0.000009559646	0.000003452163	0.000	0.73469	0.26531	0.000
802	0.000008912044	0.000003218302	0.000	0.73469	0.26531	0.000
803	0.000008308358	0.000003000300	0.000	0.73469	0.26531	0.000
804	0.000007745769	0.000002797139	0.000	0.73469	0.26531	0.000
805	0.000007221456	0.000002607800	0.000	0.73469	0.26531	0.000
806	0.000006732475	0.000002431220	0.000	0.73469	0.26531	0.000
807	0.000006276423	0.000002266531	0.000	0.73469	0.26531	0.000
808	0.000005851304	0.000002113013	0.000	0.73469	0.26531	0.000
809	0.000005455118	0.000001969943	0.000	0.73469	0.26531	0.000
810	0.000005085868	0.000001836600	0.000	0.73469	0.26531	0.000
811	0.000004741466	0.000001712230	0.000	0.73469	0.26531	0.000
812	0.000004420236	0.000001596228	0.000	0.73469	0.26531	0.000
813	0.000004120783	0.000001488090	0.000	0.73469	0.26531	0.000
814	0.000003841716	0.000001387314	0.000	0.73469	0.26531	0.000
815	0.000003581652	0.000001293400	0.000	0.73469	0.26531	0.000
816	0.000003339127	0.000001205820	0.000	0.73469	0.26531	0.000
817	0.000003112949	0.000001124143	0.000	0.73469	0.26531	0.000
818	0.000002902121	0.000001048009	0.000	0.73469	0.26531	0.000
819	0.000002705645	0.0000009770578	0.000	0.73469	0.26531	0.000
820	0.000002522525	0.0000009109300	0.000	0.73469	0.26531	0.000
821	0.000002351726	0.0000008492513	0.000	0.73469	0.26531	0.000
822	0.000002192415	0.0000007917212	0.000	0.73469	0.26531	0.000
823	0.000002043902	0.0000007380904	0.000	0.73469	0.26531	0.000
824	0.000001905497	0.0000006881098	0.000	0.73469	0.26531	0.000
825	0.000001776509	0.0000006415300	0.000	0.73469	0.26531	0.000
826	0.000001656215	0.0000005980895	0.000	0.73469	0.26531	0.000
827	0.000001544022	0.0000005575746	0.000	0.73469	0.26531	0.000
828	0.000001439440	0.0000005198080	0.000	0.73469	0.26531	0.000
829	0.000001341977	0.0000004846123	0.000	0.73469	0.26531	0.000
830	0.000001251141	0.0000004518100	0.000	0.73469	0.26531	0.000